   0.0000000000000000e+00
   8.5575171996820872e-05
   5.6701371694020924e-04
   1.5065263430786928e-03
   2.4421968395490130e-03
   2.5796757919917214e-03
   1.3938835142309025e-03
  -7.5909786480958378e-04
  -2.5668102681559563e-03
  -2.4931043936099115e-03
   2.6682977126667723e-18
   3.5714016091054541e-03
   5.2905946476258566e-03
   2.2722435179264675e-03
  -6.1526006106310477e-03
  -1.7187508662441720e-02
  -2.5448963549365457e-02
  -2.5975043199393109e-02
  -1.7849127904038031e-02
  -6.0853059570975740e-03
   0.0000000000000000e+00
  -8.2029697296052764e-03
  -3.2583209334289376e-02
  -6.4842178280959312e-02
  -8.8292581641237489e-02
  -8.4982957860909022e-02
  -4.5083082804270633e-02
   2.6306995442196203e-02
   1.0896915471543925e-01
   1.7488328950605120e-01
   2.0000000000000001e-01
   1.7488328950605120e-01
   1.0896915471543925e-01
   2.6306995442196203e-02
  -4.5083082804270633e-02
  -8.4982957860909022e-02
  -8.8292581641237489e-02
  -6.4842178280959312e-02
  -3.2583209334289376e-02
  -8.2029697296052764e-03
   0.0000000000000000e+00
  -6.0853059570975740e-03
  -1.7849127904038031e-02
  -2.5975043199393109e-02
  -2.5448963549365457e-02
  -1.7187508662441720e-02
  -6.1526006106310477e-03
   2.2722435179264675e-03
   5.2905946476258566e-03
   3.5714016091054541e-03
   2.6682977126667723e-18
  -2.4931043936099115e-03
  -2.5668102681559563e-03
  -7.5909786480958378e-04
   1.3938835142309025e-03
   2.5796757919917214e-03
   2.4421968395490130e-03
   1.5065263430786928e-03
   5.6701371694020924e-04
   8.5575171996820872e-05
   0.0000000000000000e+00
