   6.3907602125538296e-05
   2.1566201480846748e-04
   6.1799523831673753e-18
  -6.6658289474486293e-04
  -1.3500132100156847e-03
  -1.2898378959958635e-03
  -1.7130394325270970e-17
   2.1206192060129934e-03
   3.7147227171442200e-03
   3.2013431059409589e-03
   1.0006116422500396e-17
  -4.5859619633902247e-03
  -7.6566205023234531e-03
  -6.3477497016303473e-03
  -1.3010426069826053e-17
   8.5937543312207751e-03
   1.4067841058706395e-02
   1.1493008115338602e-02
   1.4571677198205180e-16
  -1.5335865681722974e-02
  -2.5124594903408591e-02
  -2.0672689730208312e-02
  -2.7755575615628914e-17
   2.8690296123038084e-02
   4.8806938749486231e-02
   4.2491478930454171e-02
   2.7755575615628914e-17
  -7.3491340673458430e-02
  -1.5770164219432214e-01
  -2.2456396717259625e-01
   7.5000000000000000e-01
  -2.2456396717259625e-01
  -1.5770164219432214e-01
  -7.3491340673458430e-02
   2.7755575615628914e-17
   4.2491478930454171e-02
   4.8806938749486231e-02
   2.8690296123038084e-02
  -2.7755575615628914e-17
  -2.0672689730208312e-02
  -2.5124594903408591e-02
  -1.5335865681722974e-02
   1.4571677198205180e-16
   1.1493008115338602e-02
   1.4067841058706395e-02
   8.5937543312207751e-03
  -1.3010426069826053e-17
  -6.3477497016303473e-03
  -7.6566205023234531e-03
  -4.5859619633902247e-03
   1.0006116422500396e-17
   3.2013431059409589e-03
   3.7147227171442200e-03
   2.1206192060129934e-03
  -1.7130394325270970e-17
  -1.2898378959958635e-03
  -1.3500132100156847e-03
  -6.6658289474486293e-04
   6.1799523831673753e-18
   2.1566201480846748e-04
   6.3907602125538296e-05
