  -6.3907602125538296e-05
  -3.0123718680529171e-04
  -5.6701371694022019e-04
  -8.3994344833380628e-04
  -1.0921836295333430e-03
  -1.2898378959958605e-03
  -1.3938835142309103e-03
  -1.3615213412033927e-03
  -1.1479124489882423e-03
  -7.0823871233103501e-04
   6.6707442816669308e-19
   1.0145603542847858e-03
   2.3660258546975912e-03
   4.0755061837038902e-03
   6.1526006106310798e-03
   8.5937543312208965e-03
   1.1381122490659066e-02
   1.4482035084054618e-02
   1.7849127904037941e-02
   2.1421171638820562e-02
   2.5124594903408591e-02
   2.8875659459813650e-02
   3.2583209334289390e-02
   3.6151882157921394e-02
   3.9485642891751438e-02
   4.2491478930454449e-02
   4.5083082804270577e-02
   4.7184345231262262e-02
   4.8732487478882799e-02
   4.9680677666545034e-02
   5.0000000000000003e-02
   4.9680677666545034e-02
   4.8732487478882799e-02
   4.7184345231262262e-02
   4.5083082804270577e-02
   4.2491478930454449e-02
   3.9485642891751438e-02
   3.6151882157921394e-02
   3.2583209334289390e-02
   2.8875659459813650e-02
   2.5124594903408591e-02
   2.1421171638820562e-02
   1.7849127904037941e-02
   1.4482035084054618e-02
   1.1381122490659066e-02
   8.5937543312208965e-03
   6.1526006106310798e-03
   4.0755061837038902e-03
   2.3660258546975912e-03
   1.0145603542847858e-03
   6.6707442816669308e-19
  -7.0823871233103501e-04
  -1.1479124489882423e-03
  -1.3615213412033927e-03
  -1.3938835142309103e-03
  -1.2898378959958605e-03
  -1.0921836295333430e-03
  -8.3994344833380628e-04
  -5.6701371694022019e-04
  -3.0123718680529171e-04
  -6.3907602125538296e-05
